610296
661385
792672
916605
1113040
3344772
1046688
2248520
2248663
2248715
2735865
2825300
2825344
2825376
434988
2339794
1331689
36783
44344
44345
48528
48533
48561
64435
80192
81663
83363
91374
96756
99134
99350
99548
99555
99560
101348
102773
103665
104156
114373
155743
156657
156658
156661
170169
170172
184797
206937
251526
372611
372612
372613
389248
58577
61484
61525
96415
98744
99528
113221
156666
355608
372607
468271
48566
57338
57353
57973
58576
76550
95084
97924
99671
147161
53082
56102
56105
59057
59649
59661
61367
61415
62003
63153
63165
64899
68559
71063
71076
73135
73163
74797
74799
76517
76524
78183
80602
88485
88486
95304
96187
96223
96537
96579
97920
101856
101885
104173
122793
122854
143874
144784
144787
176552
176744
193344
249155
249180
252596
254862
254906
594489
681953
681956
701050
806135
871693
921722
921730
1281120
2757503
2977274
3090299
3090303
3090322
54909
57400
59102
60757
63072
65272
76534
91775
96237
97578
98613
99687
100748
101278
101857
101863
101884
104181
122818
123213
123292
249123
346317
627699
916906
1014807
1095118
1095120
1095122
1095123
1095124
1095125
1095126
1095127
1095128
1095129
1106558
1109686
1109710
1283120
44765
44768
44795
49462
49465
49486
56204
57340
57359
57384
57611
58143
58148
58154
58276
58418
59651
75337
81896
83293
89487
89489
89491
89493
89507
89511
89514
89515
95316
99569
99573
99575
101410
104097
121921
122849
123252
133315
133409
134919
152699
156381
189080
194370
194389
195609
197836
232007
252577
254845
254865
254920
346297
346314
635332
792279
792280
792281
792285
792286
806670
806672
806674
871742
871743
871744
871745
871746
871747
871749
871750
871751
871752
871753
871754
871755
871756
871775
871776
871777
871778
871779
871780
871781
871782
916808
916811
916812
916813
916814
916815
916816
916817
916819
916820
916821
916822
916823
916824
916825
916827
916830
916831
916832
916833
916834
916835
916836
916837
916838
916839
916840
916841
916842
916843
916844
916846
916847
916848
916853
916854
916855
916856
916857
916858
916894
916895
916896
916897
916898
916899
916900
916901
916902
916903
916904
916905
916959
916960
916961
916962
916963
916964
916965
916966
916970
916971
916972
916973
916974
916975
916976
916977
916978
916979
916980
916981
916982
916985
916986
916987
916988
916989
916990
916991
916992
916993
916994
916995
916996
916997
916998
916999
917000
917001
917002
917003
917004
917005
917006
917007
917008
917009
917010
917011
917012
917013
917014
917015
917016
917019
917020
917021
917022
917023
917024
917025
917029
917030
917034
917035
917036
917037
917038
917039
917040
917041
917042
917043
917044
917045
917046
917047
917048
917049
917051
917052
917060
917061
917062
917063
917064
917065
917066
917067
917068
917069
917071
921676
921677
921679
921682
2518178
3351406
44787
1106551
80213
97573
97606
98590
113218
191771
193343
873105
873161
873361
873673
1574194
89408
1683147
3481563
3583521
3617248
3621037
3624258
3646504
3646559
3656338
3660391
3671348
3672079
3679832
3679879
3679913
3679953
3679996
3681075
3689243
3694497
3714984
3719804
3724516
3739495
3739978
3756633
3760394
3797596
3807238
3812957
3816337
3832162
3851834
3852623
3852688
3858562
3858892
3858958
3858996
3860561
3861288
3866104
3876854
3877398
3881120
3886254
3898213
3918022
3918046
3924400
3924552
3935315
3948807
3951395
3964391
4001551
4002056
4002104
4005102
4005782
4018330
4029596
4030143
4030222
4030223
4033373
4037701
4038513
4038573
4042495
4055348
4059291
4059505
4059882
4060067
4063907
4069107
4079196
4079214
4079300
4079467
4079498
4079591
4114231
4115837
4115862
4116962
4119577
4119675
4119696
4119741
4121281
4124804
4136962
4141965
4180337
4180460
4180517
4180541
4180624
4180808
4180851
4180891
4200094
4208649
4211819
4236264
4241404
4246472
4255211
4265600
4267105
4281430
4291394
4291669
4291720
4291777
4291795
4293469
4293495
4304288
4307385
4322187
4328271
4341103
4341541
4387819
4396577
4403301
4412524
4412555
4412590
4425901
4425954
4425999
4429927
4431019
4433742
4441072
4443322
4444392
4480477
4482074
4482314
4489434
4493636
4497613
4507075
4514521
4516084
4522464
4547927
4561874
4565050
4568989
4572223
4572276
4572352
4572388
4572448
4576936
4593057
4595140
4597701
4597810
4605727
4607164
4621838
4623330
4644195
4661585
4668450
4672092
4672555
4672813
4672878
4682419
4682449
4682466
4690712
4701276
4701736
4717334
4717396
4717433
4717454
4717474
4718800
4723852
4723888
4735471
4762817
4777603
4786446
4797793
4804131
4836263
4843567
4854825
4881423
4890375
4890467
4890648
4890685
4890721
4890750
4890778
4890820
4892246
4899770
4902803
4912251
4915986
4918462
4921544
4964476
4976600
4986239
4987814
4989594
4992512
4997138
4997308
4997524
5002877
5026625
5027692
5070991
5087546
5091087
5105716
5109407
5149384
5149414
5164497
5165522
5166284
5176372
5178762
5179386
5179437
5179695
5179734
5189516
5208303
5219338
5228438
5228762
5234047
5235924
5240865
5247163
5261525
5261564
5283716
5286924
5295869
5297587
5297605
5308921
5310235
5313161
5316168
5319152
5325113
5327954
5330662
5355631
5370315
5375217
5375927
5377908
5389982
5393245
5402154
5419161
5420233
5423170
5424583
5428056
5441640
5461870
5466622
5468060
5469039
5471676
5472417
5473559
5476251
5479142
5482135
5501858
5511664
5515448
5517550
5517639
5517784
5525030
5528366
5528367
5550371
5559463
5559600
5568067
5582420
5582460
5582487
5582512
5631555
5631587
5631632
5631689
5633407
5667410
5715249
5729120
5730825
5730847
5730882
5730940
5731011
5731043
5731093
5744660
5749490
5757997
5758179
5760454
5769015
5782479
5785283
5785328
5785354
5802720
5806802
5807464
5808391
5830295
5832185
5858054
5871040
5871211
5876527
5877886
5883343
5897863
5901045
5906970
5916655
5916723
5916775
5916845
5919570
5924422
5927806
5930907
5943608
5947038
5961945
5963238
5966218
5979269
5990378
5993856
5993920
5993976
5994002
5994108
5998129
6000371
6000453
6002765
6003466
6011946
6031932
6037038
6037157
6037216
6045530
6058191
6067412
6071250
6114098
6116087
6117920
6118858
6121681
6121905
6134574
6134646
6137595
6177747
6177800
6177849
6191991
6193592
6209550
6210546
6211867
6223078
6225689
6226637
6228332
6240531
6246834
6248840
6251758
6251943
6252212
6257936
6259989
6261268
6261316
6265800
6271284
6274516
6274983
6292480
6303490
6360800
6390835
6398126
6405094
6422781
6435747
6448116
6453232
6453353
6457513
6460850
6489987
6500091
6509436
6513808
6517928
6518044
6525072
6534677
6534724
6534777
6534861
6534918
6545109
6546487
6556979
6557421
6562856
6568512
6592368
6595236
6595296
6605525
6607009
6607079
6623142
6623187
6635880
6642220
6670737
6677114
6680109
6684350
6690901
6714631
6717102
6723489
6723581
6739950
6740359
6751978
6768998
6795240
6859970
6885270
6925419
6939009
6945523
6946661
6980012
6994455
7008641
7008782
7024506
7024695
7046681
7046714
7080759
7093229
7099137
7101163
7107104
7109419
7126723
7129193
7129207
7131669
7135819
7135901
7140418
7157587
7165888
7168794
7169241
7169722
7169755
7170157
7181394
7187038
7187906
7198020
7229537
7230679
7246018
7257015
7265308
7269797
7290515
7344762
7352154
7381097
7388059
7391056
7395959
7399670
7399896
7403150
7407114
7432003
7432056
7441727
7443494
7444232
7454290
7454760
7490860
7515841
7518098
7518146
7526428
7556994
7557181
7558265
7571861
7589802
7609591
7656249
7657616
7671197
7671357
7676628
7711594
7715306
7716494
7723496
7728779
7733340
7733731
7733734
7733746
7739278
7740276
7740504
7740538
7740932
7741007
7741071
7741372
7741662
7741853
7742786
7743686
7747505
7751238
7753328
7753615
7756066
7761045
7767871
7768073
7768839
7781747
7783471
7788321
7790104
7793962
7794249
7794633
7794743
7795397
7799393
7801685
7802804
7802843
7812779
7813154
7814961
7816082
7817805
7819897
7830290
7831532
7838958
7839889
7839943
7844610
7847671
7849486
7850109
7850942
7851845
7853249
7860516
7861360
7863278
7863360
7863862
7865610
7869929
7871368
7876987
7878245
7879615
7880742
7883718
7889054
7889203
7889373
7890619
7894175
7896282
7896302
7903169
7905586
7906570
7906866
7906895
7908751
7909200
7912359
7912790
7913142
7914498
7918192
7920768
7920951
7921188
7922796
7928996
7934084
7936584
7939268
7942746
7949371
7949832
7951181
7952054
7953384
7955184
7958154
7960103
7960407
7960646
7961796
7963921
7965955
7966660
7969114
7970164
7975005
7975140
7975485
7978096
7980075
7982354
7984150
7988634
7989956
7995541
7993308
7993414
7995731
8004241
8004629
8009381
8010135
8014198
8018547
8018622
8019821
8020074
8022850
8024158
8026280
8029455
8033495
8036993
8039437
8040009
8047120
8050066
8052489
8053173
8057973
8058253
8061468
8062534
8064693
8069670
8068783
8069246
8073616
8073631
8074342
8076110
8080719
8082543
8082562
8082613
8083268
8083475
8083909
8089357
8089439
8091102
8092375
8094054
8101662
8108255
8109400
8111830
8113369
8113821
8113096
8113268
8113471
8113761
8115008
8115099
8115806
8119840
8125371
8127305
8129359
8142394
8139994
8140401
8154833
8158154
8158251
8160641
8169105
8169416
8169573
8170232
8171244
8175967
8186445
8186511
8186729
8186788
8187377
8187441
8187497
8187553
8187620
8187698
8187780
8190712
8196167
8201720
8204000
8208986
8210511
8216714
8224412
8230072
8232583
8235329
8239025
8239076
8239195
8239397
8239482
8239622
8244268
8248149
8248563
8248635
8251326
8257897
8258289
8277418
8280366
8282303
8282505
8283325
8286988
8294507
8301067
8302835
8303500
8304551
8304609
8304728
8307915
8308161
8311139
8311399
8315028
8317884
8330107
8331123
8334162
8335675
8338949
8340124
8340173
8340788
8341538
8342850
8343196
8343208
8344113
8346337
8348879
8350673
8353688
8354726
8357028
8359377
8358494
8361246
8362918
8367745
8367914
8368066
8368217
8373181
8377814
8380054
8383305
8387838
8387341
8392543
8396680
8398590
8399433
8401444
8415492
8415855
8417759
8423420
8427702
8427834
8429986
8432507
8435085
8441116
8441588
8460258
8467903
8470240
8471482
8496784
8496836
8496913
8503445
8509330
8509401
8509428
8516973
8517200
8517252
8523601
8526465
8548105
8548707
8556300
8556639
8566325
8567810
8568791
8572272
8573225
8574855
8576551
8578478
8579059
8579975
8580736
8583530
8583762
8585810
8586236
8586270
8587609
8587633
8592860
8592899
8592943
8593367
8597904
8599463
8604491
8604496
8609682
8610772
8610777
8614425
8622538
8622927
8623476
8625746
8626644
8637364
8637404
8637568
8641577
8650873
8651125
8651339
8655946
8660960
8666043
8677184
8685298
8687331
8687499
8706538
8717120
8718624
8718732
8724089
8727616
8735404
8745278
8748151
8748380
8750503
8750683
8751020
8751199
8755290
8761485
8763710
8766967
8774957
8787395
8789453
8790150
8790646
8796237
8801400
8801753
8803453
8808663
8811692
8814633
8815151
8818076
8818194
8818195
8820957
8822770
8826813
8827139
8831079
8834646
8839255
8840919
8842460
8847585
8854414
8855643
8859023
8868209
8869387
8869392
8870174
8870241
8881978
8884581
8884582
8884656
8884657
8884745
8884746
8887878
8895975
8898196
8903514
8906716
8910174
8910177
8910208
8912922
8918107
8918799
8921006
8923051
8923202
8928970
8932665
8933312
8938263
8940049
8941026
8941248
8945558
8948542
8948557
8948697
8957044
8957478
8960915
8961317
8962967
8967386
8973595
8973882
8978963
8979415
8982615
8986320
8994151
8994755
8995439
8996442
9001647
9005840
9010879
9012892
9015888
9020661
9021335
9024057
9024174
9024208
9026238
9038295
9041716
9046146
9050100
9055826
9056067
9056702
9057638
9060128
9064481
9065503
9066695
9073690
9080773
9082284
9082815
9082816
9084537
9084678
9088864
9089202
9094381
9096195
9109425
9109785
9110088
9115155
9115380
9118383
9118444
9120018
9120145
9120318
9126866
9140334
9140657
9141468
9144820
9145345
9145375
9145729
9148306
9148431
9152048
9152782
9155934
9156251
9161825
9163880
9164817
9172805
9172807
9173040
9174280
9174307
9177210
9177261
9182850
9183106
9188078
9193479
9203782
9205027
9206787
9212121
9219179
9236672
9240177
9241130
9245484
9245634
9250504
9250539
9258703
9258839
9259458
9260593
9262757
9263497
9266750
9267265
9267272
9267278
9267280
9268382
9268564
9272244
9275641
9275642
9276009
9285561
9287823
9289841
9289844
9289847
9301016
9302891
9306522
9310086
9312770
9314910
9316002
9320045
9320092
9320094
9320095
9320108
9320109
9320110
9320111
9321266
9331300
9335521
9340379
9340984
9341011
9341222
9345604
9353073
9367492
9370291
9372603
9374453
9374877
9377679
9379698
9386174
9388178
9388380
9389525
9391918
9393011
9394044
9394463
9396341
9396343
9409742
9409863
9410942
9412648
9412832
9414860
9417337
9418368
9427880
9427885
9428047
9432813
9438376
9440575
9441125
9443538
9446542
9450420
9450945
9451574
9468073
9468139
9474787
9480351
9480562
9481713
9481933
9483476
9484513
9489846
9491690
9494296
9495239
9501238
9503183
9505808
9505859
9506114
9510572
9510838
9510893
9510924
9518674
9522653
9525368
9526006
9527801
9533967
9533968
9534243
9534244
9534500
9537518
9537612
9539619
9544192
9545295
9547182
9550259
9554745
9555129
9555682
9558068
9558074
9558417
9560580
9563170
9563276
9567444
9567694
9567792
9567878
9567896
9569512
9581279
9582086
9590481
9594515
9596688
9597568
9597705
9600768
9608660
9610794
9615425
9616137
9617407
9617719
9620569
9622062
9622368
9623472
9623487
9625777
9627935
9628606
9635931
9636033
9636487
9640525
9640538
9642043
9642082
9642154
9642192
9642372
9642410
9642453
9642859
9642949
9644361
9646446
9647645
9649083
9649084
9652444
9653651
9658670
9669431
9670414
9670415
9670417
9672369
9675526
9677079
9678963
9683714
9687244
9690841
9693401
9693744
9695705
9700546
9701631
9702460
9706322
9712685
9714559
9718340
9720486
9725001
9727533
9731990
9734617
9741213
9741214
9745165
9746880
9747874
9750319
9753847
9756742
9757828
9757863
9757991
9759744
9760011
9761369
9763789
9763810
9771755
9771756
9773488
9775416
9783261
9784581
9787365
9788474
9791197
9791591
9795194
9795198
9795445
9798896
9801087
9802766
9805219
9813446
9813839
9814951
9821682
9827879
9831790
9844081
9845411
9847762
9848829
9851383
9851657
9857847
9866090
9871139
9873202
9873859
9876771
9893748
9894904
9895156
9897482
9901819
9908277
9911016
9911457
9913970
9923183
9929400
9931125
9932110
9932233
9933840
9941128
9947893
9950741
9951943
9952912
9956837
9956841
9957015
9959174
9960376
9964835
9966562
9968786
9978881
9984265
9985073
9991623
9998675
10003200
10005463
10006427
10006641
10007379
10008238
10009610
10010759
10015757
10020688
10025063
10025142
10026252
10029872
10043130
10047631
10055494
10055744
10055869
10055913
10055935
10056308
10056361
10060468
10064212
10064318
10064947
10068303
10069382
10073675
10074439
10077640
10081508
10082755
10083496
10087692
10088996
10089189
10095719
10095782
10097113
10099669
10105398
10106135
10112046
10112743
10115198
10116065
10116172
10119619
10122188
10130893
10143285
10197450
10209305
10210505
10223377
10223788
10225066
10225067
10242393
10259726
10264004
10265266
10265267
10265326
10265609
10268017
10271742
10277077
10277260
10283048
10283049
10283704
10292879
10292880
10319758
10336027
10336062
10362924
10362940
10362966
10363053
10363111
10363134
10363163
10417440
10420050
10422920
10430362
10430517
10436990
10438170
10457721
10463715
10463737
10463975
10477600
10511098
10531585
10538527
10542405
10542421
10542424
10542426
10544847
10546968
10547748
10559936
10590347
10601223
10601982
10603521
10611290
10614527
10622122
10628499
10636246
10641792
10647615
10648631
10651178
10652675
10655862
10663008
10664343
10666047
10677704
10682285
10712800
10726080
10758956
10758957
10758958
10758959
10759005
10764048
10764049
10768155
10795095
10798682
10802057
10829326
10860438
10863902
10892972
10903317
10923031
10925895
10944782
10950354
10950357
10950358
10950359
10950360
10950366
10950369
10950372
10950373
10950374
10953477
10953478
10961192
10974462
11002300
11029417
11032695
11035360
11036318
11038481
11047646
11047663
11047669
11047951
11070591
11070864
11070955
11071088
11071845
11072058
11072515
11072694
11072818
11072904
11073520
11073708
11073965
11074225
11075513
11075709
11075777
11076115
11076169
11076250
11076265
11076558
11079884
11080706
11081234
11082108
11082374
11083353
11083556
11084114
11084237
11084591
11084792
11085028
11085040
11085928
11085940
11087317
11087464
11087535
11087611
11094776
11095296
11095563
11095570
11098071
11105200
11116051
11120630
11138789
11119708
11127898
11119910
11122364
11127694
11131778
11135982
11114797
11145509
11146606
11156827
11172643
11174945
11182530
11189599
11189600
11189601
11192488
11192710
11192746
11193162
11193427
11227815
11234117
11236729
11244845
11246610
11252590
11270065
11270068
11277376
11277669
11277671
11278712
11278918
11290183
11294707
11300131
11304315
11314903
11320727
11321991
11332718
11344877
11344878
11354051
11354672
11360271
11364436
11364437
11364636
11378473
11388120
11402391
11402399
11402430
11403850
11406061
11407071
11407118
11419008
11427687
11429596
11438940
11438949
11438962
11448730
11463734
11466204
11475571
11477117
11478302
11481781
11481784
11485292
11486637
11498497
11509107
11510020
11519090
11525223
11525227
11531770
11539205
11539999
11541998
11542497
11542700
11545830
11556401
11563802
11604072
11605319
11605320
11605796
11608239
11614498
11614840
11619232
11628887
11635384
11635385
11649574
11661145
11664732
11666964
11674180
11682609
11693594
11713864
11714520
11719215
11723733
11724404
11731456
11731502
11740928
11740930
11748316
11751285
11757419
11770946
11776177
11776744
11780292
11795899
11805193
11816221
11823838
11824075
11824076
11824077
11826275
11835811
11836379
11840287
11849389
11854090
11854668
11860451
11860864
11867479
11872166
11873992
11874159
11886185
11887224
11890016
11890464
11906030
11906097
11908853
11911347
11918686
11922630
11941787
11941788
11951697
11954863
11975351
11982903
12017275
12022469
12023025
12034346
12061803
12066991
12099301
12104628
12104629
12110786
12111059
12118250
12118251
12119932
12129081
12132189
12132190
12132451
12149269
12156773
12160057
12175309
12178446
12178447
12178448
12182542
12196881
12196882
12200786
12201227
12202495
12204909
12207124
12211700
12217466
12217467
12218382
12233072
12237480
12238041
12239313
12245870
12245891
12246235
12252076
12252563
12254504
12254514
12254515
12254516
12254866
12257883
12260199
12262653
12262661
12262663
12271299
12271300
12278224
12278225
12278226
12282525
12288321
12291924
12296059
12300816
12301170
12301217
12303240
12304203
12311384
12312787
12316143
12316342
12316507
12316508
12318652
12322684
12331984
12340598
12340599
12340600
12340601
12340604
12340605
12340606
12340607
12344604
12345962
12346147
12357971
12358037
12358039
12358460
12366902
12373284
12373784
12373859
12374045
12382994
12383040
12387298
12390469
12390471
12390472
12390475
12390476
12390477
12395366
12395736
12395802
12395803
12397099
12400016
12400246
12400247
12400248
12400249
12404003
12411165
12416227
12419798
12419799
12428703
12439314
12439334
12443550
12443654
12445514
12445516
12446324
12446325
12458014
12478515
12487440
12496486
12502378
12505499
12507088
12523859
12526633
12527919
12528760
12528761
12528762
12528763
12545717
12545745
12549268
12559574
12559575
12562748
12562749
12562751
12562752
12570955
12570956
12587286
12596916
12614564
12615436
12622450
12623886
12627694
12627696
12628449
12632085
12643806
12648474
12648475
12650667
12655421
12656211
12657300
12661134
12662078
12668144
12668172
12672692
12675455
12677484
12679043
12679458
12687382
12693130
12700181
12711948
12721945
12721946
12721947
12724967
12724969
12725261
12725745
12733799
12737009
12743760
12745556
12745568
12745570
12746451
12749802
12752958
12753058
12755180
12755181
12755182
12764452
12764453
12765275
12765729
12765730
12765731
12772138
12783703
12783704
12783710
12783711
12783718
12783719
12787248
12793484
12799769
12800943
12800946
12800953
12800955
12810424
12816955
12819223
12819567
12819568
12819722
12847882
12848181
12849570
12860939
12866366
12873126
12874369
12877747
12891539
12902065
12910551
12920398
12920400
12920404
12920406
12920409
12920411
12920413
12920417
12928854
12931721
12931874
12938159
12945774
12955494
12955496
12961483
12962423
12962999
12963001
12963812
12977487
13006358
13043866
13054868
13085322
13134893
13134901
13134902
13134903
13134904
13134906
13193985
13193987
13251303
13251304
13251307
13251308
13251309
13270734
13270736
13271087
13271146
13272714
13276825
13291405
13300923
13307885
13309257
13312679
13312692
13312698
13312699
13312707
13312716
13312726
13312734
13339354
13353123
13355087
13369435
13373464
13383588
13421215
13443157
13470649
13470656
13470676
13472591
13489353
13507293
13507294
13507295
13513129
13527703
13613312
13624328
13661507
13709909
13740269
13774587
13777107
13777108
13778257
13817446
13818569
13822681
13831974
13831975
13831976
13831977
13831978
13831980
13831981
13835784
13841347
13841700
13854340
13854376
13854390
13854693
13854883
13861521
13877009
13921556
13963490
13964720
13984217
13984219
13989657
13989689
13989717
13989810
13989870
13989882
13991771
13991785
13991791
13991793
13991795
13995496
14003354
14003492
14003465
14003512
14006598
14006568
14008388
14008371
14008457
14008910
14009018
14009134
14019299
14022049
14037845
14042962
14044143
14057006
14059059
14059060
14059061
14059063
14076325
14102366
14102367
14104914
14108660
14111950
14116067
14116354
14124196
14124197
14145484
14178093
14224860
14248815
14248816
14248819
14248820
14248821
14279183
14285131
14305615
14318186
14326806
14343436
14358610
14369842
14384204
14387486
14394649
14397627
14408801
14416176
14422436
14463456
14463457
14478565
14478566
14481513
14482464
14482529
14483773
14483780
14483889
14484234
14484471
14484928
